zad 2.1

n=6 s=aababb

s | - a a b a b b
A | 0 1 2 3 4 5 6
a | 0 1 2 2 3 3 

B | - 1 2 3 4 5 6 7
b | - 3 3 3 2 2 1 0

K | 0 1 2 3 4 5 6 
k | 0 3 4 5 4 5 4
K max = 5

n=9 s=baabbaaab

s | - b a a b b a a a b
A | 0 1 2 3 4 5 6 7 8 9
a | 0 0 1 2 2 2 3 4 5 5

B | - 1 2 3 4 5 6 7 8 9 10
b | - 4 3 3 3 2 1 1 1 1 0


a | 0 0 1 2 2 2 3 4 5 5 5
b | - 4 3 3 3 2 1 1 1 1 0
k | 0 4 3 4 5 4 3 4 5 6 5
K max = 6

zad 2.2

n=10 s=aaaaaaaaaa

s | - a a a a a a a a a a
A | 0 1 2 3 4 5 6 7 8 9 10 11
a | 0 1 2 3 4 5 6 7 8 9 10 10

B | - 1 2 3 4 5 6 7 8 9 10 11
b | - 0 0 0 0 0 0 0 0 0 0 0

a | 0 1 2 3 4 5 6 7 8 9 10 10
b | 0 0 0 0 0 0 0 0 0 0 0 0
k | 0 0 1 2 3 4 5 6 7 8 9 10
K max = 10

zad 2.3

0 -> 300 ... 300 -> 600 ... 600 -> 880 880
667 667 ... 667 <- 117 ... 117 <- 110 ... 110 <- 0

300 + 667 = 967
600 + 117 = 717
880 + 110 = 990

ODP: 990